4 51 20 43 33 40 
23 30 1 47 9 62 
51 55 29 30 12 47 
3 54 9 54 14 39 
0 63 20 43 44 54 
6 47 1 64 39 49 
2 41 23 53 11 51 
49 64 5 39 38 51 
9 48 9 56 17 27 
2 64 14 22 32 63 
6 54 57 58 22 31 
4 47 0 59 22 54 
37 54 34 56 26 59 
0 58 18 55 23 42 
46 62 2 49 13 58 
37 46 4 59 10 63 
35 40 3 36 4 64 
21 48 29 62 19 55 
20 55 15 57 36 54 
5 30 47 57 10 64 
13 38 43 59 6 51 
11 56 10 58 1 53 
18 26 8 63 9 15 
10 46 0 61 32 57 
20 39 10 33 1 63 
14 54 0 21 41 55 
5 23 13 63 27 31 
8 63 55 62 19 37 
15 36 49 55 11 55 
15 64 8 37 12 60 
0 57 23 63 0 43 
2 48 43 64 11 13 
1 61 27 51 7 46 
1 64 52 57 7 53 
7 51 2 27 3 52 
7 57 4 34 15 48 
46 52 1 36 3 49 
14 18 29 64 5 62 
7 19 0 21 33 64 
30 31 1 62 1 54 
1 64 7 20 12 57 
26 45 37 56 21 29 
33 46 2 55 6 21 
17 53 2 63 18 57 
18 50 11 37 40 46 
5 63 10 53 49 58 
52 55 17 49 8 59 
17 54 18 37 19 45 
28 49 39 43 11 33 
12 15 23 56 8 61 
18 63 37 45 29 31 
1 64 3 57 28 54 
20 43 9 62 3 30 
3 50 11 60 4 61 
4 15 46 59 8 64 
17 33 12 31 40 56 
0 60 23 36 15 62 
3 64 3 50 42 47 
6 45 20 63 0 40 
56 62 13 47 16 48 
45 51 10 44 7 27 
5 60 6 61 5 54 
29 37 4 48 52 61 
17 43 14 45 6 46 
1 60 49 62 2 47 
16 38 6 63 16 19 
11 18 50 61 10 61 
4 51 10 44 5 30 
12 22 10 58 0 29 
2 53 20 29 22 40 
6 61 18 29 7 59 
2 64 57 60 1 44 
2 58 18 42 23 57 
29 58 7 34 13 57 
29 60 12 33 3 63 
4 64 15 63 4 21 
1 22 3 55 1 52 
2 11 47 53 22 42 
15 59 10 51 0 60 
21 61 17 61 25 44 
0 63 39 41 0 49 
1 64 20 57 17 27 
1 61 3 48 3 16 
2 60 0 35 1 23 
33 60 1 62 5 9 
19 57 9 64 6 16 
10 41 4 52 0 49 
29 61 1 53 33 55 
11 59 7 56 33 55 
28 48 45 64 0 29 
5 34 33 38 9 54 
36 57 4 60 28 53 
0 61 31 57 4 38 
43 63 59 60 6 30 
0 52 33 57 0 25 
18 51 9 21 12 40 
8 61 15 57 0 59 
30 42 28 47 25 31 
3 62 47 62 8 18 
0 28 19 58 8 16 
4 45 0 62 13 34 
2 30 16 34 14 61 
15 60 7 62 42 62 
0 61 1 63 33 53 
3 49 45 50 2 61 
5 62 1 17 5 56 
52 60 1 40 31 54 
21 37 5 32 8 21 
17 61 23 45 8 63 
26 62 29 49 7 59 
0 29 21 46 8 53 
36 47 50 63 3 23 
59 61 9 60 10 38 
11 62 8 22 4 61 
60 64 29 62 24 38 
0 19 23 52 25 47 
14 63 8 9 2 58 
39 64 21 63 26 39 
5 41 37 48 19 61 
35 54 6 20 9 60 
0 36 13 48 15 54 
42 46 3 61 11 56 
20 29 49 61 35 62 
52 56 3 20 10 60 
6 64 7 42 22 25 
18 28 9 51 1 39 
12 54 6 49 27 59 
17 45 2 37 39 57 
55 60 3 61 50 57 
17 23 23 38 18 52 
8 17 28 61 6 64 
3 58 21 41 9 46 
31 59 2 32 16 56 
4 56 10 57 9 31 
20 27 10 60 8 37 
6 41 28 56 31 34 
21 40 10 38 13 44 
5 38 17 26 11 16 
20 44 12 63 3 23 
10 58 43 52 32 34 
21 32 40 61 34 42 
27 35 14 63 28 31 
58 60 5 42 3 35 
41 45 44 60 22 60 
0 51 30 59 13 52 
2 57 26 53 10 51 
9 53 34 57 45 54 
11 56 7 44 2 5 
1 62 4 52 3 61 
6 52 33 45 22 26 
38 43 18 28 41 52 
22 50 6 41 34 47 
13 54 34 48 5 45 
28 45 0 34 41 46 
2 23 23 37 55 59 
20 30 32 55 5 64 
27 43 37 61 1 50 
11 51 14 58 17 44 
19 62 2 55 1 53 
2 27 17 47 2 58 
33 39 13 37 9 61 
8 49 5 36 1 62 
16 50 25 42 6 62 
6 56 22 38 21 25 
30 43 3 53 12 60 
7 62 0 14 20 58 
14 18 26 60 33 45 
1 63 6 26 2 54 
3 61 7 51 0 11 
5 55 7 34 34 51 
42 53 8 56 4 42 
1 6 58 59 20 53 
16 35 26 33 51 55 
22 35 7 48 28 47 
11 61 6 63 3 60 
4 29 23 59 0 54 
6 21 32 51 2 20 
3 30 4 58 30 62 
18 57 7 35 51 55 
33 50 8 23 8 43 
20 35 23 31 31 62 
11 52 0 10 45 47 
4 64 4 12 7 33 
23 49 12 47 2 37 
47 63 48 55 20 42 
15 64 12 44 43 52 
25 47 5 34 6 21 
3 60 36 61 10 59 
26 63 6 56 0 58 
37 64 2 14 1 64 
9 35 1 64 6 52 
41 43 43 61 3 20 
5 53 3 22 10 34 
47 63 25 61 0 62 
0 39 5 52 2 15 
5 47 17 38 7 9 
12 26 7 14 1 41 
6 34 10 59 9 62 
58 64 2 63 2 63 
29 46 3 44 3 21 