6 62 23 42 27 44 26 42 56 57 
0 63 8 55 7 38 3 52 2 53 
25 64 4 54 7 50 1 55 1 63 
17 46 9 50 1 22 2 47 19 33 
23 30 6 58 1 64 44 54 0 60 
16 31 18 64 23 24 12 60 2 56 
16 32 20 58 2 63 27 55 21 56 
10 51 1 64 5 53 28 55 16 41 
3 21 19 41 6 51 24 29 21 49 
27 48 2 34 2 62 1 9 3 56 
2 60 2 26 34 53 15 48 3 30 
30 39 36 61 6 21 31 35 18 40 
1 62 0 5 17 57 1 62 29 53 
3 22 2 21 12 40 6 33 2 59 
50 64 6 33 60 64 10 16 3 59 
14 61 3 61 18 61 4 62 6 47 
1 51 13 46 6 42 19 48 24 37 
2 49 32 39 38 46 45 60 9 53 
2 62 0 57 25 28 2 34 6 56 
16 38 46 47 22 23 22 49 15 61 
4 64 22 34 9 43 35 46 3 22 
27 37 5 12 15 61 0 62 4 60 
24 26 22 32 26 59 30 38 1 39 
2 35 34 36 41 47 1 64 2 11 
15 58 6 47 2 49 10 53 32 43 
39 47 0 63 26 58 2 42 39 42 
12 60 13 50 12 33 4 51 17 52 
35 58 27 43 18 54 34 60 6 53 
3 62 2 53 15 31 1 62 1 63 
30 39 18 21 37 55 34 37 0 61 
46 50 1 9 10 32 14 21 33 60 
10 26 15 48 1 30 4 61 1 49 
24 50 1 55 3 62 3 64 3 27 
31 50 6 49 15 57 0 6 13 52 
16 27 18 58 4 60 18 35 8 48 
0 15 61 64 40 53 12 63 15 35 
4 55 16 60 1 60 1 59 9 19 
9 48 11 56 1 32 13 45 16 52 
14 61 4 62 8 44 22 64 3 51 
40 60 54 57 43 45 2 39 1 61 
38 61 26 57 23 48 9 59 3 17 
19 49 1 51 6 41 26 51 35 54 
11 64 28 32 43 55 36 37 13 19 
0 12 0 48 38 47 11 24 1 42 
28 32 8 31 29 43 3 4 20 44 
18 62 2 63 0 13 27 57 13 47 
30 51 1 64 35 45 35 57 10 52 
6 38 16 54 8 50 10 26 28 29 
1 52 7 50 22 30 11 38 2 63 
13 61 8 58 1 63 3 53 12 54 
19 48 4 55 0 63 6 59 23 62 
3 17 7 49 22 57 3 64 17 63 
5 51 12 17 0 59 0 60 12 56 
1 64 25 31 8 59 28 53 10 27 
13 48 2 64 23 61 11 59 6 47 
26 63 1 54 0 54 3 60 15 39 
54 64 53 60 0 62 35 45 9 36 
24 28 11 64 17 52 28 37 20 56 
7 36 4 34 8 14 5 62 21 62 
8 54 6 53 17 59 47 48 20 56 
5 31 48 51 6 59 19 49 0 60 
16 54 7 28 30 57 18 53 0 50 
9 25 22 43 5 63 7 39 1 24 
54 56 20 45 0 16 31 45 4 51 
19 24 10 40 6 52 50 56 16 20 
24 64 5 29 25 52 32 57 5 16 
7 20 9 31 30 57 3 34 41 44 
2 59 4 55 5 56 13 63 36 45 
25 57 15 34 27 58 1 64 14 23 
25 50 22 36 1 41 9 54 6 22 
18 28 3 59 25 51 8 58 1 54 
0 1 12 16 32 33 7 61 32 62 
63 64 4 59 4 5 9 48 16 44 
12 60 8 17 4 33 24 46 32 55 
0 59 8 49 49 50 18 46 5 55 
1 64 16 52 11 22 3 63 0 59 
44 46 5 22 3 64 12 57 3 56 
48 49 3 6 9 58 15 17 9 24 
9 64 22 56 18 48 21 62 4 55 
13 44 1 56 12 61 26 59 32 48 
9 64 19 60 27 58 18 44 0 47 
0 50 1 63 33 53 35 61 11 57 
1 51 25 61 4 64 28 61 3 61 
10 33 34 45 11 19 31 59 19 27 
19 50 15 47 7 57 2 59 14 64 
1 49 11 13 0 52 38 60 13 41 
7 31 48 52 1 60 1 12 18 44 
26 31 23 24 12 36 4 37 41 54 
43 60 33 61 5 6 39 43 6 26 
6 64 1 64 20 62 27 57 3 43 
17 34 16 55 30 39 30 31 1 62 
1 63 50 51 2 38 15 61 5 11 
23 60 30 33 29 45 34 42 17 55 
15 33 15 55 15 64 4 27 13 17 
9 50 13 14 34 53 32 47 29 62 
41 64 15 57 9 58 9 41 18 28 
3 59 3 61 1 47 0 57 9 50 
3 39 24 57 6 64 5 64 29 61 
11 57 3 62 15 59 12 53 30 60 
16 29 10 48 24 51 49 56 9 57 
13 63 32 61 27 56 52 53 10 37 
28 49 26 53 1 37 40 46 2 60 
57 63 16 34 14 61 32 44 1 63 
0 49 48 57 51 62 43 55 1 4 
11 22 31 46 3 55 17 62 42 63 
4 24 8 62 6 40 12 14 2 27 
6 58 7 37 51 63 20 50 15 50 
8 52 21 51 15 58 3 58 3 63 
17 61 60 61 43 61 0 46 2 48 
0 59 40 64 30 31 11 60 29 37 
2 64 6 63 50 58 44 45 25 47 
6 9 4 44 18 31 5 40 7 35 
33 55 3 20 24 50 7 27 23 54 
13 53 12 37 13 59 2 64 2 63 
11 52 24 54 1 62 2 10 18 50 
16 48 30 50 11 60 6 55 10 36 
4 60 6 8 40 62 32 59 31 44 
59 64 7 49 16 63 10 36 6 60 
10 43 0 60 1 64 15 40 12 55 
2 61 31 61 27 54 1 62 26 41 
21 57 9 14 33 46 45 46 1 63 
8 35 1 41 2 59 22 50 16 48 
20 33 0 63 53 57 36 47 2 63 
23 57 31 43 1 61 5 61 41 62 
42 54 25 61 41 51 4 51 47 56 
52 64 20 21 32 57 2 7 4 62 
17 57 27 48 0 58 24 56 42 43 
16 62 7 57 10 49 11 31 0 62 
1 3 1 59 2 3 38 49 1 59 
5 59 4 60 15 52 14 46 38 63 
0 55 4 51 31 57 6 63 9 58 
59 60 24 62 19 46 17 53 50 56 
14 19 3 50 21 50 15 26 11 24 
36 64 24 51 54 56 1 63 41 42 
11 58 4 64 25 26 32 33 9 60 
0 54 10 19 17 31 22 51 32 59 
4 63 1 61 23 59 1 51 24 63 
11 16 33 59 52 56 43 62 17 64 
19 63 25 59 11 19 20 47 17 27 
0 57 45 59 43 44 20 59 31 43 
10 13 8 58 6 43 13 41 0 59 
1 21 32 61 3 63 9 59 0 61 
2 42 3 63 10 63 0 39 9 43 
26 35 33 43 2 17 2 61 54 56 
3 42 13 16 15 58 11 63 31 57 
11 37 18 63 26 41 5 56 14 43 
42 47 14 50 3 30 30 35 24 54 
9 30 32 63 18 47 0 63 22 55 
4 22 8 53 34 57 12 56 6 60 
2 63 46 63 0 13 0 38 38 52 
7 57 16 42 18 27 2 58 15 54 
45 51 12 60 25 64 9 52 9 30 
5 42 13 37 11 31 22 56 10 42 
18 60 21 57 3 24 8 43 22 58 
30 40 21 29 26 49 18 40 10 36 
21 44 4 41 25 44 39 53 26 50 
3 55 18 50 29 62 23 60 43 62 
40 41 22 49 7 36 9 26 18 30 
16 47 2 14 18 38 1 54 7 64 
0 48 23 60 26 46 3 63 11 62 
29 48 38 61 2 37 12 23 0 60 
0 63 1 51 0 17 5 29 20 43 
3 54 12 53 29 62 12 34 5 60 
34 58 18 64 9 30 38 47 37 43 
2 63 10 61 19 41 0 33 13 63 
10 37 4 30 12 63 27 33 3 60 
41 57 15 47 41 51 45 53 5 62 
22 43 35 56 0 19 9 53 3 17 
2 12 13 52 23 47 0 55 5 33 
6 56 13 24 47 61 13 32 2 64 
3 64 11 54 46 52 4 5 4 57 
39 42 17 63 5 25 9 43 7 16 
8 57 11 63 10 63 60 61 26 48 
15 60 13 22 41 42 3 62 1 63 
17 58 16 52 17 34 31 42 29 51 
16 45 38 62 14 19 35 58 16 28 
1 29 1 64 13 32 10 63 12 47 
1 64 0 55 13 18 5 24 16 27 
2 46 37 45 0 63 17 26 19 53 
17 56 20 55 1 64 37 52 1 56 
7 63 1 49 3 28 41 52 1 14 
38 46 44 47 31 46 0 41 20 54 
1 64 23 37 40 46 1 64 0 58 
25 64 12 18 34 35 7 55 32 50 
8 56 6 42 38 43 34 52 4 56 
0 61 4 44 15 34 1 47 7 31 
12 54 47 51 18 61 20 57 17 60 
4 40 16 45 0 46 8 60 11 40 
37 46 50 55 13 58 20 43 18 50 
9 27 14 44 2 64 1 61 2 37 
37 49 17 21 15 60 3 64 5 34 
7 64 14 29 1 23 15 57 43 62 
12 59 2 58 1 62 3 58 44 45 
34 62 21 43 19 24 16 55 2 60 
12 56 14 21 35 53 37 57 7 41 
8 63 13 40 6 57 14 33 21 30 
23 35 1 63 4 14 26 54 5 60 
10 60 10 50 39 52 1 62 5 48 
7 55 8 59 29 45 8 44 2 12 
30 52 27 57 13 41 31 41 0 46 