132 247 74 183 
206 219 25 253 
55 73 43 78 
90 227 152 253 
117 251 16 218 
17 227 16 241 
72 209 2 255 
85 198 12 246 
3 190 177 178 
93 227 116 234 
61 82 58 213 
143 198 63 133 
11 194 9 251 
129 136 25 106 
23 97 64 234 
130 251 5 225 
29 193 10 230 
3 214 68 189 
74 125 3 180 
43 251 7 146 
12 161 121 221 
208 230 197 223 
5 128 139 210 
16 142 3 248 
32 100 38 39 
11 226 119 207 
12 33 27 209 
146 214 7 251 
18 187 103 221 
170 216 49 88 
65 255 58 187 
47 116 38 247 
41 92 67 245 
128 212 77 134 
160 205 134 179 
192 251 25 240 
7 242 18 250 
116 172 75 185 
94 121 90 213 
55 212 74 235 
68 238 55 227 
29 65 3 181 
83 223 72 212 
15 58 30 239 
16 222 43 236 
107 157 174 237 
114 162 13 199 
84 243 96 199 
93 229 92 159 
201 248 177 209 
125 212 41 213 
17 112 79 217 
115 205 24 244 
167 185 143 145 
61 154 123 198 
33 195 94 218 
1 229 6 64 
66 229 86 250 
11 173 76 239 
25 233 196 244 
69 153 10 120 
66 98 16 122 
0 254 27 54 
107 182 0 248 
0 255 79 230 
2 249 97 112 
67 205 50 208 
55 147 31 79 
62 193 145 245 
9 216 156 202 
16 169 68 240 
25 242 6 126 
34 233 29 237 
15 119 194 226 
97 193 62 136 
85 211 26 45 
134 188 163 239 
58 151 40 167 
41 241 71 80 
10 200 119 167 
80 224 42 220 
174 182 10 233 
35 209 65 197 
67 241 192 246 
150 150 4 241 
39 119 111 217 
83 228 75 206 
40 216 13 241 
70 101 6 179 
64 146 5 249 
130 233 22 223 
64 130 117 212 
61 176 179 194 
99 246 34 231 
5 79 5 254 
35 212 192 226 
75 146 126 169 
0 236 90 204 
89 133 22 24 
108 139 127 225 
54 125 178 253 
75 124 4 143 
132 198 51 176 
174 228 176 220 
0 207 159 249 
112 183 28 248 
42 210 110 178 
144 239 45 223 
142 144 43 241 
31 253 63 194 
0 240 109 124 
24 202 32 49 
50 248 63 235 
22 100 45 111 
126 249 55 227 
2 88 202 202 
38 236 8 85 
39 222 27 221 
74 221 16 252 
130 184 28 134 
130 192 41 137 
61 95 196 234 
175 205 83 134 
103 215 27 37 
15 218 10 223 
3 228 182 241 
57 209 58 151 
5 242 3 254 
241 248 2 253 
186 224 50 195 
77 89 155 243 
122 208 40 164 
75 204 6 58 
69 206 6 254 
107 179 20 251 
46 248 108 168 
167 251 39 149 
74 220 104 191 
123 225 12 110 
134 189 91 232 
35 225 38 243 
15 198 71 224 
7 255 82 104 
93 188 18 230 
38 175 13 240 
18 93 11 250 
56 141 47 253 
88 177 5 109 
164 255 144 254 
125 157 80 231 
72 255 36 120 
68 253 10 72 
63 167 70 191 
29 209 102 233 
3 188 31 206 
24 238 174 248 
29 246 89 186 
145 218 166 200 
75 203 147 178 
47 248 0 241 
29 215 0 249 
0 254 52 196 
87 225 50 199 
25 195 55 178 
5 238 37 46 
138 229 23 247 
133 227 100 202 
12 82 0 194 
50 201 125 215 
80 107 165 210 
64 181 199 249 
103 207 16 202 
20 45 86 209 
153 219 0 89 
17 145 14 41 
7 185 1 250 
128 198 0 203 
55 237 148 196 
6 198 26 117 
203 227 121 211 
93 109 23 120 
28 241 135 169 
13 204 0 250 
9 180 21 158 
16 170 18 237 
12 254 38 218 
95 155 3 185 
128 179 1 199 
35 176 107 205 
0 255 4 251 
43 201 56 242 
14 255 110 216 
2 185 78 221 
42 132 55 60 
10 252 15 124 
210 255 174 239 
25 244 6 143 
195 244 99 141 
93 103 107 139 
114 208 44 248 