33 927 
10 471 
85 277 
47 227 
139 830 
59 347 
26 446 
54 282 
536 728 
76 849 
866 869 
611 739 
181 287 
410 614 
177 640 
537 641 
729 1005 
229 754 
468 577 
214 556 
31 938 
445 705 
303 942 
550 786 
573 743 
588 919 
65 583 
44 539 
76 167 
330 415 
649 908 
18 462 
321 865 
619 1011 
274 562 
764 1020 
53 842 
143 290 
485 937 
95 917 
80 381 
447 795 
603 951 
58 459 
27 723 
582 933 
295 382 
527 624 
251 286 
208 743 
341 651 
659 899 
563 847 
392 514 
220 761 
754 843 
221 851 
52 793 
182 466 
553 919 
696 886 
252 922 
134 720 
286 851 
97 804 
155 312 
198 346 
676 1004 
440 950 
396 410 
522 647 
537 542 
270 500 
79 959 
172 180 
57 332 
464 962 
190 577 
243 790 
165 218 
53 286 
318 899 
540 572 
481 1015 
148 179 
389 815 
816 930 
556 887 
216 844 
850 851 
371 618 
309 872 
420 547 
109 871 
309 855 
190 834 
237 656 
150 951 
487 858 
778 866 
524 961 
262 820 
109 538 
62 154 
95 257 
25 207 
747 815 
453 614 
305 825 
497 709 
437 651 
342 642 
59 664 
590 914 
590 714 
828 990 
495 673 
383 414 
531 976 
787 966 
207 821 
340 796 
79 670 
450 879 
25 182 
289 727 
664 894 
827 970 
29 678 
110 141 
78 82 
1 167 
352 992 
439 557 
410 949 
224 882 
320 426 
381 870 
116 265 
248 627 
541 909 
48 267 
353 950 
682 685 
395 763 
43 663 
376 558 
267 890 
335 601 
462 860 
166 183 
20 501 
20 157 
209 820 
103 255 
0 289 
635 915 
291 706 
16 494 
594 862 
237 603 
147 788 
558 860 
315 882 
312 376 
250 863 
42 440 
541 646 
572 833 
574 737 
853 877 
157 231 
140 763 
863 960 
237 704 
36 451 
47 818 
397 713 
408 804 
147 449 
220 861 
157 920 
353 658 
187 399 
335 746 
48 991 
156 382 
483 752 
151 208 
69 849 
83 1016 
395 462 
589 994 
96 790 
473 904 
272 300 
961 973 
133 973 
210 847 
349 559 